{
  "advancedEditorSelectedIdentifier" : "ProjectBrowser",
  "openSceneRelativePaths" : [
    "Earth.usda"
  ],
  "recentIdentifiers" : {
    "6AF421D5-F098-4D35-8830-F4BB228EF79A" : [

    ]
  },
  "sceneCameraHistory" : {
    "6AF421D5-F098-4D35-8830-F4BB228EF79A" : [
      {
        "date" : 710074012.081581,
        "title" : "Untitled",
        "transform" : [
          0.28521579504013062,
          5.9514313477393443e-09,
          -0.95846337080001831,
          0,
          0.60645616054534912,
          0.77436602115631104,
          0.18046689033508301,
          0,
          0.74220132827758789,
          -0.63273787498474121,
          0.22086140513420105,
          0,
          1.3787901401519775,
          -6.4775619506835938,
          -1.0763037204742432,
          1
        ]
      },
      {
        "date" : 710073997.92783797,
        "title" : "Untitled",
        "transform" : [
          0.76959824562072754,
          -3.9779962435204652e-08,
          -0.63852840662002563,
          0,
          -0.31897103786468506,
          0.86629033088684082,
          -0.38444578647613525,
          0,
          0.55315095186233521,
          0.49954086542129517,
          0.66669547557830811,
          0,
          1.9434223175048828,
          1.4725908041000366,
          3.3037476539611816,
          1
        ]
      },
      {
        "date" : 710073996.23677695,
        "title" : "Untitled",
        "transform" : [
          0.76959824562072754,
          -3.9779962435204652e-08,
          -0.63852840662002563,
          0,
          -0.31897103786468506,
          0.86629033088684082,
          -0.38444578647613525,
          0,
          0.55315095186233521,
          0.49954086542129517,
          0.66669547557830811,
          0,
          3.5054104328155518,
          3.1662514209747314,
          4.2249469757080078,
          1
        ]
      },
      {
        "date" : 710073994.66317701,
        "title" : "Untitled",
        "transform" : [
          0.76959830522537231,
          6.1816072260967303e-09,
          -0.63852840662002563,
          0,
          -0.21363654732704163,
          0.94236874580383301,
          -0.25748947262763977,
          0,
          0.60172927379608154,
          0.33457642793655396,
          0.72524529695510864,
          0,
          3.2606856822967529,
          1.8130258321762085,
          3.9300014972686768,
          1
        ]
      },
      {
        "date" : 710073927.46538401,
        "title" : "Untitled",
        "transform" : [
          0.58775025606155396,
          -1.5914061179955752e-09,
          -0.80904245376586914,
          0,
          -0.43236202001571655,
          0.84522414207458496,
          -0.31410086154937744,
          0,
          0.68382221460342407,
          0.53441208600997925,
          0.49678066372871399,
          0,
          3.7055349349975586,
          2.8959066867828369,
          2.691983699798584,
          1
        ]
      },
      {
        "date" : 710073922.71360803,
        "title" : "Untitled",
        "transform" : [
          1,
          0,
          -0,
          0,
          -0,
          0.86602580547332764,
          -0.49999937415122986,
          0,
          0,
          0.49999937415122986,
          0.86602580547332764,
          0,
          5.9604651880817983e-08,
          2.7094295024871826,
          4.6928701400756836,
          1
        ]
      },
      {
        "date" : 710073921.17133403,
        "title" : "Untitled",
        "transform" : [
          1,
          0,
          -0,
          0,
          -0,
          0.86602544784545898,
          -0.49999994039535522,
          0,
          0,
          0.49999994039535522,
          0.86602544784545898,
          0,
          0,
          0.1806236058473587,
          0.3128492534160614,
          1
        ]
      }
    ]
  }
}